5495
3810
5539
8601
2344
5783
2598
3867
8088
8321
6489
6207
2432
7998
8938
1617
4365
3413
4933
1250
5571
2591
7674
2198
8202
5287
3770
1524
1916
5492
9842
3062
7593
9919
9202
6031
4625
9746
1741
4979
4200
9403
8699
8107
4471
4678
4464
4480
9029
4928
4070
4180
6580
9678
8532
9921
3231
7376
9681
8149
5296
5610
8670
9178
8027
7539
6778
8381
5169
6847
3700
5962
2759
5973
6950
2352
7064
3931
6561
7758
6066
3467
8709
9889
4406
1861
1451
1395
5186
6142
9197
2056
7540
9998
1100
6236
3379
9172
8015
6655
6217
1605
6164
6992
5480
4135
3189
3358
5212
5005
1739
9169
4575
9983
6240
4455
7059
2364
9015
1128
5799
1639
4402
6241
4913
5107
3036
2781
6265
6223
4945
9011
3546
8948
2605
2905
3112
6896
8640
6697
5448
8550
8291
1085
2686
5335
2334
9117
7078
8816
4584
1280
3832
8829
6662
6854
5216
5792
8161
2014
9329
5005
7878
4763
4460
9206
9277
1190
2433
5170
7810
7098
7837
7627
4290
6537
5560
3289
2942
8265
8535
2253
2304
6672
5080
3580
9627
7202
9776
1315
5936
1793
3249
8737
9409
9383
9798
2118
2213
3994
8253
4778
3488
7446
5971
5701
8592
7210
7390
5518
5300
3450
9033
1115
3099
7778
4369
3665
7224
9748
4454
9344
8609
3632
3733
8545
2410
1497
4928
6831
7231
8121
5412
8447
7744
9783
4978
7642
8831
6446
9401
1599
6922
4377
8706
7252
3676
7728
3555
5763
2663
7112
4643
3954
6207
3702
6521
1458
7038
3889
4748
7893
9926
5030
3784
6810
5928
6306
3516
1728
6425
2243
1846
5018
5603
1907
1219
5917
5522
4311
2525
3462
8437
9069
1264
5625
2535
1828
5382
8418
7730
2499
8690
9263
9677
7835
2271
5405
1672
6368
2773
4644
7573
5256
9013
8166
8422
4058
9769
1770
5906
7969
8200
5254
1318
6551
5774
9245
6185
1493
1121
2265
7203
9423
9717
7304
1644
6309
6808
6680
7890
9480
6469
7478
5255
2796
8218
9338
4737
9005
6083
9879
6877
5803
7529
7537
3359
7646
5157
2106
3526
9837
1569
6752
8457
8913
3322
8786
3766
2879
3362
9985
1776
5307
2855
2728
6231
3830
1812
3740
2188
5077
9421
1715
6268
6569
3495
3616
9897
1599
6930
8909
3710
1654
3590
6533
5772
2377
5528
3884
2766
3631
2930
2579
5806
9673
9715
2297
4043
2980
8174
1480
8696
6762
5573
4159
6691
4679
6110
1703
7547
3810
3141
1757
2669
9396
2082
1173
2710
8380
7893
2182
8147
9304
5541
4625
6738
1556
2360
1492
6016
7528
7715
9574
5463
9701
9861
9496
6539
7202
5418
6914
1207
1837
6369
8165
1119
6170
7971
5140
3115
8643
4504
5668
7194
6295
9253
6195
9609
4091
3637
6029
6253
1407
5878
4945
9973
8695
4136
2417
8988
6862
7495
3274
5056
9391
4726
3050
4554
4740
3215
2809
2109
2044
9978
8736
9971
2658
1159
3265
1739
3570
2921
5030
3642
8211
6137
6420
3991
6698
8784
5020
3993
9041
7448
7713
6555
3344
6853
7736
5250
3527
3803
2462
4100
4614
5465
7188
4327
1100
2380
6718
6730
3439
1121
7022
1848
1187
9998
2735
5563
5822
1719
4809
4293
4776
7414
7066
2445
4719
5922
8954
9266
4607
5757
9286
4773
4546
1647
7230
9889
7989
5071
6345
3462
6304
1674
3938
9321
2241
7995
6530
6017
7335
8388
8695
9407
6761
7563
3076
7748
6700
6640
3841
9441
4712
3128
7376
9097
7183
2736
7477
6066
6345
8415
6839
7099
4923
1551
7120
3290
9933
6698
9353
5961
2660
2769
6995
5633
4345
6095
3392
1768
1623
7240
8941
3395
4232
6000
4732
4321
8030
6474
7947
4050
9847
9630
9803
6087
9213
9254
2312
1767
8480
1704
8656
6284
9379
6371
9431
2055
8535
8241
3568
9091
7985
8490
6203
2530
7212
4486
6260
4975
1742
4137
1068
1812
8828
3962
4745
7150
1246
8814
3669
9543
3755
4645
7800
8159
8227
7234
9132
3533
6993
8266
5067
9584
7435
4688
5981
5028
3353
4734
4773
7871
9137
7531
7671
2105
6279
2690
5079
8296
7251
4795
8748
9193
5289
7181
7050
4038
6098
4929
9634
1713
9038
7462
6255
1393
7780
1663
2039
4854
4012
1919
7991
1102
5184
3991
4995
3465
8848
6123
3126
7813
7614
4292
7515
6070
8266
8005
3578
4653
9041
1560
6879
2018
9644
5155
2406
9948
6983
7776
7545
9754
6205
7251
2537
9044
9012
1388
7685
9205
8836
3604
6113
4271
8876
7932
9341
1310
2528
3841
9463
3021
4261
1761
7214
5656
7442
7703
3699
6959
2164
6919
1073
5253
1600
2968
7944
2349
2902
1121
4791
9425
2204
9503
9173
5520
7733
9871
7003
9832
8575
7445
6689
1437
5119
3696
9394
9614
4720
1493
8222
9417
7599
3515
7604
8659
3524
5341
4650
5958
4295
7121
4772
8000
6566
9226
4344
1693
9040
6799
3687
6333
5560
2602
1148
2478
6134
8063
4578
6660
7422
6944
1967
7596
9719
4518
8525
6062
1960
1673
5998
9085
2787
7849
8490
4592
7195
4205
7574
1203
7807
6936
3980
6293
3294
7130
4636
9004
9979
9089
3334
3345
7147
6507
3831
1048
3112
1413
4628
6333
8548
4297
4239
1231
5130
3299
9215
3641
2018
2908
4712
3745
7200
3032
4881
2974
6245
9877
7856
6154
9485
3532
8635
2000
8151
7662
2621
7610
8523
6219
7114
5121
2580
5576
6529
8178
8233
4997
1623
5368
1619
2833
5519
9294
9541
8371
4792
3417
4536
6725
7419
6349
5638
8685
6859
9738
9348
6924
2047
9398
9852
6482
1588
2862
3011
4907
7931
1985
8160
8997
8798
5777
2240
8506
7657
9107
7310
2766
3520
1446
9946
9584
5840
4292
7581
8367
3793
2451
4304
7837
2727
6809
8156
1282
2063
4768
5447
8718
9414
8997
9132
4887
1225
5652
3777
4489
5697
3723
1141
4561
2282
4665
1911
1397
2541
3966
5613
6931
6627
5817
8247
2975
2184
9523
3649
1230
5956
2835
9152
3465
8854
1837
5526
2785
4803
1559
9782
9372
9116
2962
8826
7634
3699
7461
8523
8139
2852
9637
7190
2263
5959
5290
4055
9946
3849
9499
4700
1467
3091
2839
8045
9639
1031
7412
8876
6341
1829
3845
9465
3778
6298
7924
2311
8392
2798
9001
7530
8813
9005
7850
9924
3777
2795
9108
5267
8388
8058
7980
9834
8667
2700
6340
8705
9761
4633
7907
2872
3736
3013
9638
4692
2360
9531
1990
6702
5773
5014
4233
7337
7457
2142
3432
1581
5419
8543
3290
2076
2969
3052
6487
7734
5034
6419
1674
3362
2381
8255
3791
6359
3682
2468
2847
9984
8803
1011
4826
1257
1247
8186
1888
2005
6139
5311
1493
5086
3667
9022
5637
6333
5390
9981
6825
4236
2303
8293
8964
5907
2085
6397
4814
1340
8423
4714
8163
7519
6823
4840
9375
9394
7816
2560
6476
7251
4955
2465
7423
6519
6531
9453
2729
6543
7384
1899
2078
4337
5742
3769
8110
6884
3486
8464
3005
4973
4732
6675
1059
1131
5168
6026
8863
8684
5011
6790
9288
6447
2038
1463
8891
9118
6551
7466
3928
3868
7711
2768
3615
3186
5148
7704
1795
9495
8229
2771
8677
6572
8917
6686
6786
7312
1615
4483
5797
2857
1898
4933
6400
4624
2549
7071
2852
6274
7797
2096
5380
3128
3168
6456
5081
4091
1851
9360
6484
2598
6992
1536
5422
3609
3814
4484
1380
1207
9975
6032
2966
3796
1070
9456
7665
1468
9680
2961
4538
8537
7874
2785
8008
3796
6579
3735
9407
9514
8712
8406
7422
5705
6484
4884
4115
1712
1791
1213
1657
6620
6089
4399
3438
4545
7654
7230
9720
9320
6654
5712
2464
7612
6915
2381
8520
9005
1802
9287
1801
3075
5122
5914
3635
5988
2443
9846
6912
5663
8749
8427
2212
6009
8829
8218
1566
6300
2308
4531
4981
8178
1728
1808
3427
3361
7585
4138
8401
7542
6723
7696
3757
3549
9004
4367
7932
3273
6640
1361
7248
1401
6118
3080
2425
3491
8099
5028
9980
9414
4220
9045
8648
8698
1187
1640
5504
3801
6080
3717
4923
9850
1262
7456
1046
1869
4813
7651
1901
1043
1878
6272
7842
1024
4860
8537
6455
6837
9834
6275
5595
4399
8110
2860
4700
7190
9350
3505
7053
7107
1130
7183
9134
3028
8371
4964
6722
6123
6534
3059
7913
6436
4990
3330
2694
6783
9469
4568
5243
9475
8999
2309
1604
7920
2229
5474
8897
3621
1564
2607
6715
1609
2992
4010
9865
4834
4029
2527
7121
5554
3684
6292
8119
3248
3839
4191
4083
2087
8970
8349
3509
8489
7591
7391
2484
8799
4360
1788
5783
1614
5210
9056
3410
1793
6457
3077
9731
9679
7251
8355
6859
6564
6312
7454
7453
5930
2323
8419
6572
5500
3917
2462
1759
4620
5641
5683
3992
4016
7816
5113
2680
8449
9700
2866
5341
3303
8846
5670
7123
6632
8081
9566
1834
5709
8996
7057
6628
5590
2367
3480
5004
7743
6399
6895
5275
2264
1206
5256
2166
7705
8444
3162
2694
8062
2476
5961
2992
9937
1013
5480
5217
6418
3593
8183
6224
7703
8848
7020
2140
5991
3931
9752
3503
7694
4034
7043
6124
9475
8379
2087
2325
6158
4617
3058
4711
6044
5012
1168
5127
6650
3341
6605
2970
5418
6895
3136
7491
7414
5508
1667
4265
5554
5003
8516
6474
3386
4971
7708
1152
1961
3282
7059
1071
2822
6245
4327
3397
2644
9814
4222
2793
4555
2745
5549
4119
3670
2124
8263
2374
7870
1150
4729
1062
6355
1605
4959
9604
1009
1892
6096
9989
4089
5068
9962
4286
9302
7766
7904
7201
1767
7416
9765
5317
4919
6673
9222
8182
4867
7450
7303
5898
2250
9480
4344
3368
5128
5788
1175
8862
5908
8008
9822
3042
7879
3922
6490
9133
9357
6149
7129
2353
1974
4388
9343
4308
8167
7101
7942
1461
7358
3073
7908
6366
9895
1730
8053
8806
2260
9636
5165
9496
4586
3063
9904
9504
9011
6060
7247
4055
3902
9897
5748
6864
5481
5328
9409
9655
4878
7540
2431
2036
4150
3225
5630
1363
4297
5670
6807
1776
1797
3263
3835
8036
9701
5332
7769
9345
6817
6729
1739
4781
2011
3042
8913
7526
9161
3866
4323
4530
2788
5028
3818
5769
9906
2169
1933
6756
3108
6598
1961
7461
2441
1814
7998
1296
6068
8621
6250
5319
4289
8208
3381
9316
2913
8146
5184
4913
4545
9664
3352
8386
8792
8138
6639
4305
6943
1199
4183
2692
5135
1341
5277
1825
6548
9469
7373
4367
4658
9266
9584
4961
8073
1808
4494
6948
4993
5306
2525
4378
4817
3413
3667
4954
1937
9973
6835
3069
8237
8640
7653
5600
8340
7261
2924
1614
2134
1432
6584
5625
6598
6136
5417
2585
1472
3868
3305
5247
5791
4147
1308
7060
8821
8839
8346
5252
5430
6166
1754
3266
3419
3850
4524
5191
9843
8251
9476
1354
7868
4946
7165
2724
3172
9631
9799
6290
7446
1761
3946
3065
2005
7828
3311
9873
1054
2695
8374
2574
5632
3883
8151
1885
3776
9215
1883
9457
5920
8732
4913
9354
1076
9280
7551
2601
2819
5682
4188
1953
7610
7891
7456
8533
7490
4036
2718
5518
5671
4770
9643
8498
6061
3821
8186
9694
6252
9156
3720
8668
1003
6659
6623
2701
7742
1736
3088
3475
4135
9751
7447
7233
5236
5692
2783
3065
8255
9991
4117
9474
5482
5879
5948
7883
9390
9207
3424
6243
2447
4122
1935
2381
7679
2518
6399
8267
3503
3648
4026
3844
4872
3831
3846
8572
7251
3632
2776
4355
7466
9446
4506
6001
4956
3872
5994
3869
8450
7799
5840
2864
5616
1596
3334
8429
1693
8326
6440
3704
3656
7381
8520
2490
1940
8447
6062
6190
6240
8206
8195
3378
7446
6682
2288
2142
3214
3630
6390
8877
4228
7890
1813
6669
5673
7090
2627
8930
2946
2630
1352
7443
9152
3329
2635
7473
9402
1654
1175
5093
7444
5943
7703
9393
9673
8512
6271
9721
3036
8063
9653
8609
5867
2299
6128
2552
5185
6149
9431
4281
3494
2511
5147
6700
6598
6920
5338
9137
4479
9041
4676
6062
1758
8405
4872
4937
5783
6283
8670
9342
1859
9114
6203
7049
3665
4380
7976
7188
1378
9347
3270
4160
3551
9579
6243
2469
4259
4612
5505
7106
8549
4725
6458
5666
1737
7180
9177
8830
4567
2870
3107
4391
9775
5758
1369
8462
5077
3016
6955
6033
4132
7292
5575
9530
2487
9975
3465
9528
5054
7895
6918
1287
6145
1355
6824
5250
5589
9892
9003
4173
4973
3681
2608
3035
4531
3998
6388
8394
7717
7624
4070
7325
8986
6622
7681
3629
7826
1372
6043
2433
6560
8290
1263
9864
7957
5114
7479
1942
6180
4194
7637
1347
5104
7654
3610
9224
3532
7872
2398
2671
8350
3150
1731
6082
6132
3006
6831
5982
8250
1976
6614
5524
1009
4347
4137
6307
5830
6713
2537
6652
9031
2771
5277
2017
2219
7260
3950
4686
9840
1447
3447
5404
2902
4071
3755
2106
7420
8143
6173
9392
9599
5522
8222
2922
2291
1652
1037
9365
8768
8396
5519
8071
5321
7340
8023
8127
1736
6499
2875
2933
3170
2822
2488
3982
4453
9396
6364
8976
1357
4767
5763
6945
7865
8275
6316
1528
9951
3818
1372
2068
6928
5937
4350
8671
7883
8646
9884
3902
8228
2904
1039
4256
2897
1127
7382
4076
7238
2666
7188
9056
7106
9639
2561
1006
7201
9036
6751
4026
9190
3490
2454
3728
7625
6641
6363
6704
6209
4470
1774
9850
7421
5539
9499
4730
5049
1524
4893
2638
4652
5953
5262
7489
2483
1555
8436
3225
1912
9132
7791
8878
6865
9347
7501
6938
8330
2347
2296
5205
2445
8621
7514
1758
2203
8000
4722
5210
9314
7205
5695
5902
7243
7858
1028
5200
4965
2338
5159
7529
3461
3425
9102
1330
4491
1096
7639
4572
5671
5423
2294
2991
2394
5940
2830
9698
3613
6410
9578
2330
1031
1394
8365
2383
6716
8516
5333
7896
8683
4848
7413
8129
4469
7306
2759
7410
7238
1477
8900
7787
4430
3768
8908
3657
6515
6299
5355
1018
3850
8430
3344
6508
5202
1346
8388
7877
2934
1593
3432
8064
2423
8970
8783
8516
5711
2698
9243
3924
5932
4260
5221
1018
8547
5813
8095
6582
9923
8601
2629
6353
3267
6246
2705
5943
5478
4348
7155
2462
3913
1285
8985
2973
5630
3624
8760
3463
7119
1056
5442
8463
4056
1247
5446
4983
3119
4521
5218
6925
2390
9783
6098
2614
1375
3580
7752
2615
7172
5717
2963
2496
7828
6319
1059
3673
5403
2761
3745
6025
7780
7366
5647
7396
8749
9272
6325
4683
8398
4384
7048
4628
4346
4808
6112
2996
5839
6682
1979
3285
1250
7802
9016
6619
3009
8955
5127
7996
1499
9363
5042
2535
5940
2144
7560
9875
3805
7200
1516
3396
7791
3428
3761
4411
3872
4676
7931
2976
5482
6335
6290
1494
9336
1983
8423
4751
3943
3983
3067
9554
6329
6441
2861
6611
7998
4438
1284
2832
3677
7925
8580
4686
1864
2208
4938
6778
1711
9415
4718
7310
6282
4853
6994
4566
2708
4672
8199
5097
6273
6724
5166
6740
8963
2042
2321
5150
1512
8828
5333
4983
8473
4375
5987
3395
8338
3812
3569
8015
2258
8083
4545
3037
4376
7080
9805
6607
1304
3311
3268
7138
4798
8032
5115
2730
2125
2239
5446
3331
9196
3424
3625
3822
3955
5509
5112
3648
8089
4857
3048
9185
4568
5773
3387
4476
4054
2393
3845
6501
1715
1374
3457
1641
2472
1290
7012
5480
9196
2140
2164
6616
7917
5868
8483
9626
6544
9315
5236
9850
8152
4494
8176
7136
2348
5607
3128
8228
8763
9700
6643
7917
4190
9366
6501
6650
1408
9414
7360
9727
3214
3883
6313
2743
9702
9334
6640
1453
9317
2814
2547
8687
5716
4404
7160
3497
1964
8739
2557
2175
3107
5438
1130
1302
3632
8824
7041
4495
2873
3850
4071
5991
5872
7636
1634
6738
7733
9525
4231
8142
9006
7060
8140
5128
6126
8798
7615
4677
4439
5352
6371
1480
6847
4578
7648
8887
7603
6315
5624
4782
7292
3576
5461
7571
6521
2601
4777
6903
3348
4676
8800
9313
6001
5134
3014
4422
4886
6420
9559
3866
5450
1663
7169
3589
2898
6621
2942
3682
9319
6438
8703
8403
5245
3101
3253
5550
7165
3008
2296
9824
6041
4556
2296
7367
4345
5151
1076
3100
5654
6545
5418
8036
4331
1920
3462
6226
9333
4600
1167
8479
5655
2823
1638
7528
4468
8465
8576
4788
4468
3122
4653
4367
6463
3462
4075
9489
2741
4257
4138
6973
2243
2979
7026
1941
4074
8401
8662
7400
7381
3078
8880
5853
6139
5132
2695
3610
2855
1240
6966
5931
7749
4235
1214
6681
3421
7224
7900
9642
3547
6629
1920
4134
5626
1058
9620
2115
2323
3415
6090
5397
4427
9151
7045
1158
5957
3057
9046
7382
6453
1528
3363
5402
2981
5674
5254
6193
3878
6202
8938
6570
3776
5475
8048
9958
7929
8652
9846
2873
9384
3305
2974
7789
7013
5444
5036
4530
3952
2322
5770
2859
2469
4964
4117
4409
6797
4795
8953
1614
4954
2287
3763
3802
4098
1035
6051
4100
9436
9159
5753
3313
3214
4442
3447
4425
2834
4114
4629
3886
2621
6682
1850
1338
4265
9713
7981
8939
3483
5986
1396
9936
2923
8904
8357
9644
8841
9580
3369
2497
9587
6511
5801
7313
1429
1230
8547
3438
5747
1852
9008
9924
8120
8924
3178
5395
6357
7471
6115
2761
7983
2667
4577
3431
2218
6005
4106
1186
7986
9411
4344
3367
6977
7170
1851
5532
7302
4104
7220
4241
1759
6877
4764
2125
3258
8865
3551
8890
2420
1467
9087
1424
2897
4287
1393
8653
6427
3078
9804
5298
4172
3862
1228
5209
8359
2129
5175
2411
9759
3529
3319
6529
3038
2939
6891
9749
1504
4354
2673
5962
3285
6459
1868
7261
1482
9329
7650
7438
9295
3138
9650
8632
3695
3296
1177
6803
1641
2914
1447
7171
1386
6003
6600
1277
2907
3322
4795
3838
1979
9271
6153
9032
9938
3737
6839
9384
2648
5305
9060
8902
3721
2734
7250
2620
7506
7111
8254
7213
9888
5579
4751
6817
5422
7054
5729
6743
2843
5839
7282
5217
7465
8528
7506
3803
4522
4123
2785
1686
8966
4759
6238
4442
8764
9946
7616
1478
2213
3733
5427
5779
1320
8712
3574
2131
3765
9243
4275
5465
3482
1835
6568
3489
6396
3067
6155
3259
4335
2971
5897
9842
8660
9268
5709
3737
6635
8383
8165
6199
5079
6621
8572
2128
6316
4432
5812
7681
8967
4161
2717
7262
4616
3186
5274
2041
8865
9862
7429
2664
7834
7162
6774
1309
2610
9438
1904
7749
5705
2187
7723
4561
1025
9263
3470
5163
9408
5388
2765
6813
1238
8429
7436
4236
5191
6300
7429
9041
1620
7919
4561
6564
3629
8115
6418
2325
4355
2905
4158
8718
4499
7033
6520
7122
5628
3180
8810
6073
3286
8760
5141
5655
9443
9701
3722
6768
3312
1116
9465
1435
2066
1273
5694
1788
6489
8774
7242
7908
4088
3341
9714
8167
9699
5124
6193
2220
2119
4925
4185
5325
6796
5262
7053
6116
3104
2663
9772
7522
5238
7103
9224
5955
4263
9992
6873
2442
3337
5617
4060
8858
4658
4445
3719
7899
9143
8195
9786
9977
4388
2081
2094
3668
1941
6137
4022
5887
9399
7030
4685
8442
7386
1263
5950
9111
5928
7175
1052
4919
7255
6654
2098
9757
3573
6949
4230
1001
7825
3514
3747
1293
2980
7262
2946
2132
5878
7158
1973
7441
5161
4549
9471
2754
5328
8128
9298
2195
8435
8953
5092
5887
3478
4424
7982
1966
1994
9616
8207
7838
9897
7878
2933
5851
1096
4113
4052
2031
7922
6633
8238
9030
6882
2000
6044
1966
2793
9761
3325
8282
7813
2486
5757
2301
3399
3000
2750
8631
4739
9240
9519
4058
9664
4618
5605
4117
5595
1313
8632
4956
5545
5399
4556
4689
7709
4191
9224
8865
2666
8759
9497
1224
3747
8967
4720
9394
8568
8984
4842
3675
2285
9647
7937
1591
9591
6593
2432
8334
8990
5570
7810
3782
4374
6822
1071
2233
4443
4964
3739
8522
6989
1246
5685
4660
8581
2621
9559
6680
1690
4510
7107
1806
6761
3692
9143
3646
2296
2195
3489
8530
7450
3622
7619
9664
9191
7805
9336
5260
6545
5192
7221
4286
7958
3882
7167
2006
2312
9701
6760
9955
9626
1244
3798
4510
6955
9265
6723
4715
6555
9348
2254
8512
9803
7240
1996
7039
5937
7776
6306
4146
9130
3777
7209
8790
5927
8853
3626
8460
4596
9496
6712
8297
4394
4381
8576
9057
4311
6284
9169
8570
4300
3505
2617
7870
1531
8227
8785
7626
6708
8699
6346
3053
1970
6655
6149
7947
9408
1881
4153
8002
2741
6321
7713
9066
2168
3651
9508
8497
3929
8700
3879
1266
3620
7653
9870
1974
7774
5416
6736
5423
4756
6067
7225
1921
5492
8792
3394
5953
8065
7216
1244
7393
5717
2527
4966
1899
9279
9311
5066
9660
5564
1494
2160
5138
2757
2309
3712
8976
3325
4671
7506
3711
1489
6904
8120
5471
7781
3185
4200
7282
8721
6641
6801
9176
8145
7493
8581
3720
4213
7152
4130
6160
3630
3680
3221
6802
8114
6519
1250
6807
2638
9888
1657
6052
6472
2767
9612
5207
9578
7863
1733
7693
8356
2470
7134
2672
8306
1630
7573
4729
9613
3495
7985
5390
5194
5302
3180
2156
7248
5865
2994
5184
5819
4994
3659
7289
1426
5742
4690
6413
6278
2884
4063
3222
3103
8547
7958
8990
8135
8382
5866
4411
2278
7194
1323
1525
2982
3434
4062
5378
4870
6455
1864
9600
7632
7948
6887
2545
3228
3448
5750
1154
5936
2341
7166
8191
6255
5249
7393
9012
4225
4222
4286
2531
3162
2633
6241
2523
2374
2184
4795
3930
4851
7933
1184
3333
6497
7738
1622
5227
9912
4035
8591
4278
2260
9357
3926
1198
3259
2484
4967
6407
5823
8655
9570
8135
5380
3726
1244
3119
3409
3690
1216
3552
1216
3471
5684
1440
4492
9386
2051
2022
9667
9184
1421
8414
1615
7083
2132
6128
5719
3689
1615
9623
7834
3218
7357
3550
1196
8920
2242
2833
9779
8121
4068
1267
5147
6775
3503
5761
7348
6943
1270
6897
7839
5106
9854
1969
5024
3706
6479
2142
6393
5836
8677
4891
8820
3478
7195
7384
9037
1193
8553
5965
1834
4677
3000
3380
8983
7078
2181
4915
6454
1493
7279
7101
8931
7545
6910
5136
8165
5440
9570
4687
6200
8425
2897
1220
1995
5034
6538
2528
1482
2055
2898
3597
8581
7590
2565
7475
4217
5148
1670
1305
5856
1150
6983
8165
7600
7776
3014
6886
1371
7535
9913
2486
5212
4488
7431
3404
2236
1516
8744
8153
4267
8545
5407
9590
8682
2123
4225
2418
8500
4283
3325
2113
4255
3060
2195
6902
6663
8605
9999
9971
5634
3267
2921
2548
2656
7590
1835
3015
1071
2587
5079
7712
6287
2234
1615
6589
2455
7570
6349
4359
2640
1312
9907
1303
4008
2401
9635
9403
8088
6368
5103
3927
9600
1947
7915
3161
5919
6825
3075
5409
2685
6937
1717
2937
4588
3226
5464
9019
2876
5256
4208
2724
2598
4597
7586
6622
2131
1379
6927
4043
4004
8935
2972
1070
5571
1917
5123
2895
3541
2819
2523
2721
5920
2291
1735
4844
4377
7155
5302
9086
8575
1539
7985
5226
5496
7029
1935
3595
8292
9236
4604
6478
3695
8704
1655
9495
7507
8548
7677
9600
1220
7732
1956
9869
4276
1405
5117
6729
1016
3185
8883
3777
3840
9806
6763
1854
7607
4030
8936
9530
8818
6241
1102
5645
6599
9608
9611
6082
6024
7243
7616
4408
3810
9249
4559
1550
3906
6064
8755
2169
7023
1015
7367
3861
3614
5476
4537
9883
4365
2556
9975
1516
2693
6697
9767
8761
2313
9107
9703
8489
4394
8438
2886
4732
6320
6593
5920
2246
5622
7087
6446
3023
7070
3870
2321
6889
8498
7001
2204
1864
8357
3092
5844
6424
1554
4936
4847
5325
6590
7196
4200
3158
9543
2599
6339
1268
2918
1513
3036
5217
4889
2321
6893
3431
2989
8511
5719
6192
4747
3860
6570
4636
4328
8656
7746
1905
2696
2324
2501
3119
7336
6399
5780
8310
5057
5223
9733
2991
4924
7293
3311
8505
9833
5649
6706
6814
4767
5227
3938
8882
9274
1568
3346
9313
3178
6793
1283
6393
7073
7255
6789
1204
9618
2771
1523
1949
5177
2839
1732
1158
4820
3746
6552
5934
5232
1979
8401
7874
3546
4840
2765
8853
6647
3669
2149
7292
5965
5585
9469
7101
1290
8158
9683
7924
8656
3901
6919
2858
9798
7006
3907
5308
3238
9217
4975
5107
6521
1256
2399
1595
7625
2704
9391
4780
3092
2738
9503
8254
3900
6642
2722
5025
2612
9490
9056
4901
7827
1906
2862
7604
4473
9316
7735
7260
8971
8582
1201
9413
5794
2453
3029
1243
6459
5701
5414
9119
8489
7381
1837
4158
5355
5105
6866
5941
4960
4741
8690
1042
9665
9437
7654
8534
5413
8390
1598
8114
2966
7250
8259
9016
7797
2576
3526
2362
6660
5248
9838
3108
9375
6237
6488
5246
8854
7649
4133
2407
5909
3431
9272
5534
6859
5674
5001
2775
5482
9883
6786
9254
1327
4158
4581
7867
2937
5660
3031
9781
4997
4290
7074
8767
4944
3976
2699
4041
3079
5476
5158
9762
6692
4114
8398
9844
9256
8329
7017
1238
1202
8479
5495
3342
1313
9776
6007
5694
3273
4773
6590
1607
6392
8306
9938
7893
7047
3296
2618
2345
2868
1324
3985
3127
3198
3370
9567
5722
7857
1645
9222
1612
1751
5894
3825
1322
8342
1106
2785
7009
6523
9015
7158
1232
5926
7304
5653
5070
4189
4930
6301
2246
4216
9458
5064
7403
3972
4817
4186
3199
1821
8398
8542
6370
1964
1876
4787
5422
8985
2681
4566
3105
5060
7514
3593
5326
6837
2825
9849
9660
6532
7642
1707
6109
2274
1676
5250
7273
3216
1098
7567
3585
7464
8893
3309
4764
9330
3203
8292
9147
6971
5563
4410
8053
3913
5434
9662
1841
2516
7941
3560
8806
9896
8224
9705
7581
9348
6308
2805
1202
7788
9891
4929
8476
4254
3967
2262
8831
7997
5685
2164
6287
5186
3348
5781
4711
2769
5965
9037
6012
3512
2253
5229
3433
4754
1503
3068
9593
9901
9216
6398
1433
1201
1905
5398
1743
6821
5989
6546
8384
3768
3163
7127
8910
5670
1163
4552
7712
4969
1333
9295
6352
1532
3897
7703
8249
3239
7336
5477
6353
5553
7789
8103
6996
6625
8878
6004
3543
1947
2858
9711
7020
6101
5509
4815
2367
9622
6664
6999
9474
8512
8793
5922
9659
5437
6538
5236
6739
3138
7609
1517
1353
6080
1952
1400
3696
5887
6582
9687
7313
2572
3006
6715
4119
1112
2627
9767
8291
8394
3040
2806
7197
6051
7629
9309
5010
5244
6371
2489
5174
5893
9243
8681
7367
2413
3159
8178
9123
2470
4819
7290
6771
2792
8395
2921
3840
5574
9452
6430
3595
1497
3011
1064
2859
2899
2162
8753
8762
8127
2125
5528
5603
7605
8188
5368
1448
2640
7396
6728
9648
3512
2421
4563
4916
4859
5517
5100
6122
3913
2950
3154
1474
5597
3830
3269
3222
8022
3738
8456
1557
2417
4059
3827
5857
8030
7426
2881
5931
5007
4178
3750
5422
1808
5254
4162
5028
1181
1398
3426
6689
2215
3117
5198
6403
9517
5277
3322
1827
7043
3738
9530
9315
2601
6963
6264
8550
1581
7968
9434
7433
6913
3556
7350
1378
2811
8213
5651
1670
1324
5593
7483
6043
1219
9984
5726
5140
1235
9667
5535
6000
7241
9575
9988
4238
4321
8159
5126
3074
4326
8861
3143
1851
4915
9107
9040
7230
6627
4225
5498
7684
5009
3190
1259
9469
5323
3609
3809
2722
3887
3844
6620
9843
1554
8690
4754
3811
2376
7499
3102
1605
8989
7178
4031
3365
3726
8942
1739
1473
8021
2248
6078
9194
2111
8807
6149
9032
4579
7083
4423
4470
3763
4185
4700
3243
4572
4556
3657
7799
8723
7368
4292
3099
2953
7028
2029
8434
7217
2704
6770
3385
5413
9272
6674
1607
8666
3593
8953
1579
1697
5530
9452
6984
4312
2598
8302
7868
7544
7680
4430
7246
7471
3680
5200
2294
4253
1547
1974
4800
9412
1565
1864
1022
9879
3318
3472
7609
3862
7231
6880
6739
3042
9101
8685
7146
8137
2521
9361
5165
5374
8598
1715
2481
8889
3883
3736
7708
7585
8905
5606
7486
3493
1229
2159
5225
9152
5437
7567
5167
2046
5931
7542
3920
9636
7983
6817
2119
7997
9924
1215
8366
5624
4877
5058
3113
4401
8954
8217
5642
2298
9302
2576
4796
8799
8934
6197
4613
3620
7713
8960
8532
7719
6437
1959
4314
8156
8392
5450
7349
4810
6308
5612
8479
1510
1117
2913
1030
2588
4401
1365
5177
8397
7971
6437
3315
7824
7444
4929
1588
6330
9261
3555
5233
6541
9024
9557
5893
6937
5573
3092
2561
7647
2706
9704
1298
7906
8946
7640
6405
2186
5266
3309
2175
4545
8173
9652
9909
9219
9058
8709
3333
6981
7225
2167
1082
1326
7498
6170
2410
8970
1807
4158
3762
6738
3681
2050
5397
7340
2028
1504
2690
1087
2120
8586
6281
9062
2203
1587
4726
2789
1605
2299
3811
7933
5784
3514
2173
3044
7195
5034
1398
2901
6403
9969
9240
9467
7329
8615
8130
4000
6053
8679
9619
5342
6066
4137
4919
7921
7388
4517
4196
4500
2448
7869
1769
6199
7145
3222
5880
3824
6985
2795
6174
8033
8702
9750
8565
4376
5276
2770
1632
5727
8747
5241
2205
2154
3738
5309
8295
8754
3082
1620
7027
2469
4475
3992
9734
2449
2548
2822
9859
3947
8267
6504
6835
2326
5077
7635
9588
6162
9679
4294
9823
6019
4864
9175
9747
4887
2300
1857
4397
4848
2675
8984
3212
1973
3113
6649
9011
1009
8264
9752
3044
2855
5972
6619
7259
3394
7930
4663
2441
1680
8226
7369
7398
2031
5191
8373
7820
8057
2450
2941
3995
2146
8585
3601
1024
7444
5313
6227
3692
9863
2594
1355
1657
8144
6562
4002
7105
5511
9697
7781
4537
3938
9138
7586
9839
3573
9545
5632
8283
5339
7416
1128
4637
1249
3263
4369
9016
4469
2562
3519
2646
4648
6872
5882
4194
8564
1030
9924
1814
6603
9844
2838
6572
7104
5167
1941
1406
6113
6776
9655
5277
7563
4956
8391
8656
6413
3190
9094
9023
4793
6878
9725
1525
9661
4462
3490
9438
1025
9901
1060
9608
8254
