700
563
368
124
988
893
530
982
740
369
276
920
651
860
334
343
783
177
618
438
212
633
876
995
803
196
824
760
740
392
539
441
856
807
466
844
701
897
826
442
266
103
362
817
864
596
161
647
674
680
985
786
313
862
782
116
958
607
777
698
899
317
140
756
125
507
600
726
404
427
168
570
431
431
388
295
927
449
843
601
130
829
388
343
691
171
360
649
678
137
348
578
355
389
334
380
796
835
106
200
263
175
670
595
506
959
791
434
409
634
935
439
463
324
682
155
396
943
704
974
981
953
553
336
342
788
616
138
623
622
239
787
698
810
382
204
769
174
539
178
708
475
517
172
699
200
227
995
143
832
970
124
785
523
360
128
312
876
167
835
499
306
623
198
116
906
302
786
980
742
864
689
217
382
761
816
482
889
812
526
721
782
551
507
306
811
536
518
688
603
354
188
810
878
286
827
784
489
613
765
231
478
454
348
760
215
165
243
104
877
669
726
660
220
234
867
932
670
386
621
274
641
710
984
519
896
811
304
386
425
969
518
803
423
766
563
539
832
706
544
709
376
270
370
497
404
238
430
975
524
952
249
165
662
233
585
559
945
789
845
370
759
363
173
183
130
636
622
862
343
166
572
620
337
842
117
642
980
448
617
505
400
766
571
962
900
156
521
845
846
367
215
606
631
289
689
661
826
311
523
169
378
996
690
616
838
708
258
819
156
776
324
456
542
795
419
442
852
841
288
698
208
404
304
739
593
894
401
419
206
825
489
485
821
180
101
660
788
259
479
844
935
704
301
478
500
620
821
353
461
109
952
570
414
257
310
907
151
611
327
257
436
717
642
258
797
643
818
585
803
298
429
739
903
631
218
404
251
939
657
613
949
609
183
363
766
393
271
818
905
498
975
342
215
618
500
912
262
318
498
966
517
827
705
420
458
824
724
610
764
382
223
714
891
307
977
658
601
249
476
506
648
452
748
763
970
249
676
232
468
174
198
885
902
804
305
361
629
930
871
393
312
995
107
204
302
985
762
803
234
239
310
782
591
959
546
561
208
222
694
576
297
792
462
199
597
668
460
226
598
332
520
811
327
527
915
530
513
678
334
647
817
544
430
408
503
876
870
612
999
564
188
297
357
551
396
855
219
757
982
