1001
1003
1006
1009
1009
1009
1011
1013
1015
1016
1018
1018
1022
1024
1024
1025
1025
1028
1030
1030
1031
1031
1035
1037
1039
1042
1043
1046
1048
1052
1054
1056
1058
1059
1059
1060
1062
1064
1068
1070
1070
1071
1071
1071
1073
1076
1076
1082
1085
1087
1096
1096
1098
1100
1100
1102
1102
1106
1112
1115
1116
1117
1119
1121
1121
1121
1127
1128
1128
1130
1130
1131
1141
1148
1150
1150
1152
1154
1158
1158
1159
1163
1167
1168
1173
1175
1175
1177
1181
1184
1186
1187
1187
1190
1193
1196
1198
1199
1201
1201
1202
1202
1203
1204
1206
1207
1207
1213
1214
1215
1216
1216
1219
1219
1220
1220
1224
1225
1228
1229
1230
1230
1231
1232
1235
1238
1238
1240
1243
1244
1244
1244
1246
1246
1247
1247
1249
1250
1250
1250
1256
1257
1259
1262
1263
1263
1264
1266
1267
1268
1270
1273
1277
1280
1282
1283
1284
1285
1287
1290
1290
1293
1296
1298
1302
1303
1304
1305
1308
1309
1310
1312
1313
1313
1315
1318
1320
1322
1323
1324
1324
1326
1327
1330
1333
1338
1340
1341
1346
1347
1352
1353
1354
1355
1355
1357
1361
1363
1365
1369
1371
1372
1372
1374
1375
1378
1378
1379
1380
1386
1388
1393
1393
1394
1395
1396
1397
1398
1398
1400
1401
1405
1406
1407
1408
1413
1421
1424
1426
1429
1432
1433
1435
1437
1440
1446
1447
1447
1448
1451
1453
1458
1461
1463
1467
1467
1468
1472
1473
1474
1477
1478
1480
1480
1482
1482
1489
1492
1493
1493
1493
1493
1494
1494
1497
1497
1499
1503
1504
1504
1510
1512
1513
1516
1516
1516
1517
1523
1524
1524
1525
1525
1528
1528
1531
1532
1536
1539
1547
1550
1551
1554
1554
1555
1556
1557
1559
1560
1564
1565
1566
1568
1569
1579
1581
1581
1587
1588
1588
1591
1593
1595
1596
1598
1599
1599
1600
1604
1605
1605
1605
1605
1607
1607
1609
1612
1614
1614
1614
1615
1615
1615
1615
1617
1619
1620
1620
1622
1623
1623
1630
1632
1634
1638
1639
1640
1641
1641
1644
1645
1647
1652
1654
1654
1655
1657
1657
1657
1663
1663
1667
1670
1670
1672
1673
1674
1674
1676
1680
1686
1690
1693
1693
1697
1703
1704
1707
1711
1712
1713
1715
1715
1715
1717
1719
1728
1728
1730
1731
1732
1733
1735
1736
1736
1737
1739
1739
1739
1739
1741
1742
1743
1751
1754
1757
1758
1758
1759
1759
1761
1761
1767
1767
1768
1769
1770
1774
1776
1776
1788
1788
1791
1793
1793
1795
1797
1801
1802
1806
1807
1808
1808
1808
1812
1812
1813
1814
1814
1821
1825
1827
1828
1829
1834
1834
1835
1835
1837
1837
1837
1841
1846
1848
1850
1851
1851
1851
1852
1854
1857
1859
1861
1864
1864
1864
1864
1868
1869
1876
1878
1881
1883
1885
1888
1892
1898
1899
1899
1901
1904
1905
1905
1906
1907
1911
1912
1916
1917
1919
1920
1920
1921
1933
1935
1935
1937
1940
1941
1941
1941
1942
1947
1947
1949
1952
1953
1956
1959
1960
1961
1961
1964
1964
1966
1966
1967
1969
1970
1973
1973
1974
1974
1974
1976
1979
1979
1979
1983
1985
1990
1994
1995
1996
2000
2000
2005
2005
2006
2011
2014
2017
2018
2018
2022
2028
2029
2031
2031
2036
2038
2039
2041
2042
2044
2046
2047
2050
2051
2055
2055
2056
2063
2066
2068
2076
2078
2081
2082
2085
2087
2087
2094
2096
2098
2105
2106
2106
2109
2111
2113
2115
2118
2119
2119
2120
2123
2124
2125
2125
2125
2128
2129
2131
2131
2132
2132
2134
2140
2140
2142
2142
2142
2144
2146
2149
2154
2156
2159
2160
2162
2164
2164
2164
2166
2167
2168
2169
2169
2173
2175
2175
2181
2182
2184
2184
2186
2187
2188
2195
2195
2195
2198
2203
2203
2204
2204
2205
2208
2212
2213
2213
2215
2218
2219
2220
2229
2233
2234
2236
2239
2240
2241
2242
2243
2243
2246
2246
2248
2250
2253
2253
2254
2258
2260
2260
2262
2263
2264
2265
2271
2274
2278
2282
2285
2287
2288
2291
2291
2294
2294
2296
2296
2296
2296
2297
2298
2299
2299
2300
2301
2303
2304
2308
2309
2309
2311
2312
2312
2313
2321
2321
2321
2322
2323
2323
2324
2325
2325
2326
2330
2334
2338
2341
2344
2345
2347
2348
2349
2352
2353
2360
2360
2362
2364
2367
2367
2374
2374
2376
2377
2380
2381
2381
2381
2383
2390
2393
2394
2398
2399
2401
2406
2407
2410
2410
2411
2413
2417
2417
2418
2420
2421
2423
2425
2431
2432
2432
2433
2433
2441
2441
2442
2443
2445
2445
2447
2448
2449
2450
2451
2453
2454
2455
2462
2462
2462
2464
2465
2468
2469
2469
2469
2470
2470
2472
2476
2478
2481
2483
2484
2484
2486
2486
2487
2488
2489
2490
2496
2497
2499
2501
2511
2516
2518
2521
2523
2523
2525
2525
2527
2527
2528
2528
2530
2531
2535
2535
2537
2537
2541
2545
2547
2548
2548
2549
2552
2556
2557
2560
2561
2561
2562
2565
2572
2574
2576
2576
2579
2580
2585
2587
2588
2591
2594
2598
2598
2598
2598
2599
2601
2601
2601
2602
2605
2607
2608
2610
2612
2614
2615
2617
2618
2620
2621
2621
2621
2627
2627
2629
2630
2633
2635
2638
2638
2640
2640
2644
2646
2648
2656
2658
2660
2663
2663
2664
2666
2666
2667
2669
2671
2672
2673
2675
2680
2681
2685
2686
2690
2690
2692
2693
2694
2694
2695
2695
2696
2698
2699
2700
2701
2704
2704
2705
2706
2708
2710
2717
2718
2721
2722
2722
2724
2724
2727
2728
2729
2730
2734
2735
2736
2738
2741
2741
2743
2745
2750
2754
2757
2759
2759
2761
2761
2765
2765
2766
2766
2767
2768
2769
2769
2770
2771
2771
2771
2773
2775
2776
2781
2783
2785
2785
2785
2785
2787
2788
2789
2792
2793
2793
2795
2795
2796
2798
2805
2806
2809
2811
2814
2819
2819
2822
2822
2822
2823
2825
2830
2832
2833
2833
2834
2835
2838
2839
2839
2843
2847
2852
2852
2855
2855
2855
2857
2858
2858
2859
2859
2860
2861
2862
2862
2864
2866
2868
2870
2872
2873
2873
2875
2876
2879
2881
2884
2886
2895
2897
2897
2897
2898
2898
2899
2901
2902
2902
2904
2905
2905
2907
2908
2913
2913
2914
2918
2921
2921
2921
2922
2923
2924
2930
2933
2933
2934
2937
2937
2939
2941
2942
2942
2946
2946
2950
2953
2961
2962
2963
2966
2966
2968
2969
2970
2971
2972
2973
2974
2974
2975
2976
2979
2980
2980
2981
2982
2989
2991
2991
2992
2992
2994
2996
3000
3000
3005
3006
3006
3008
3009
3011
3011
3013
3014
3014
3015
3016
3021
3023
3028
3029
3031
3032
3035
3036
3036
3036
3037
3038
3040
3042
3042
3042
3044
3044
3048
3050
3052
3053
3057
3058
3059
3060
3062
3063
3065
3065
3067
3067
3068
3069
3073
3074
3075
3075
3076
3077
3078
3078
3079
3080
3082
3088
3091
3092
3092
3092
3099
3099
3100
3101
3102
3103
3104
3105
3107
3107
3108
3108
3112
3112
3113
3113
3115
3117
3119
3119
3119
3122
3126
3127
3128
3128
3128
3136
3138
3138
3141
3143
3150
3154
3158
3159
3161
3162
3162
3163
3168
3170
3172
3178
3178
3180
3180
3185
3185
3186
3186
3189
3190
3190
3198
3199
3203
3212
3214
3214
3214
3215
3216
3218
3221
3222
3222
3222
3225
3225
3226
3228
3231
3238
3239
3243
3248
3249
3253
3258
3259
3259
3263
3263
3265
3266
3267
3267
3268
3269
3270
3273
3273
3274
3282
3285
3285
3286
3289
3290
3290
3294
3296
3296
3299
3303
3305
3305
3309
3309
3311
3311
3311
3312
3313
3315
3318
3319
3322
3322
3322
3325
3325
3325
3329
3330
3331
3333
3333
3334
3334
3337
3341
3341
3342
3344
3344
3345
3346
3348
3348
3352
3353
3358
3359
3361
3362
3362
3363
3365
3367
3368
3369
3370
3378
3379
3380
3381
3385
3386
3387
3392
3394
3394
3395
3395
3396
3397
3399
3404
3409
3410
3413
3413
3415
3417
3419
3421
3424
3424
3425
3426
3427
3428
3431
3431
3431
3432
3432
3433
3434
3438
3438
3439
3447
3447
3448
3450
3457
3461
3462
3462
3462
3462
3463
3465
3465
3465
3467
3470
3471
3472
3475
3478
3478
3480
3482
3483
3486
3488
3489
3489
3490
3490
3491
3493
3494
3495
3495
3497
3503
3503
3503
3505
3505
3509
3512
3512
3514
3514
3515
3516
3519
3520
3524
3526
3526
3527
3529
3532
3532
3533
3541
3543
3546
3546
3547
3549
3550
3551
3551
3552
3555
3555
3556
3560
3568
3569
3570
3573
3573
3574
3576
3578
3580
3580
3585
3589
3590
3593
3593
3593
3595
3595
3597
3601
3604
3609
3609
3610
3610
3613
3614
3615
3616
3620
3620
3621
3622
3624
3625
3626
3629
3629
3630
3630
3631
3632
3632
3632
3635
3637
3641
3642
3646
3648
3648
3649
3651
3656
3657
3657
3659
3665
3665
3667
3667
3668
3669
3669
3670
3673
3675
3676
3677
3680
3680
3681
3681
3682
3682
3684
3687
3689
3690
3692
3692
3695
3695
3696
3696
3699
3699
3700
3702
3704
3706
3710
3711
3712
3717
3719
3720
3720
3721
3722
3723
3726
3726
3728
3733
3733
3735
3736
3736
3737
3737
3738
3738
3738
3739
3740
3745
3745
3746
3747
3747
3750
3755
3755
3757
3761
3762
3763
3763
3765
3766
3768
3768
3769
3770
3776
3776
3777
3777
3777
3777
3778
3782
3784
3791
3793
3796
3796
3798
3801
3802
3803
3803
3805
3809
3810
3810
3810
3811
3811
3812
3814
3818
3818
3821
3822
3824
3825
3827
3830
3830
3831
3831
3832
3835
3838
3839
3840
3840
3841
3841
3844
3844
3845
3845
3846
3849
3850
3850
3850
3860
3861
3862
3862
3866
3866
3867
3868
3868
3869
3870
3872
3872
3878
3879
3882
3883
3883
3883
3884
3886
3887
3889
3897
3900
3901
3902
3902
3906
3907
3913
3913
3913
3917
3920
3922
3924
3926
3927
3928
3929
3930
3931
3931
3938
3938
3938
3943
3946
3947
3950
3952
3954
3955
3962
3966
3967
3972
3976
3980
3982
3983
3985
3991
3991
3992
3992
3993
3994
3995
3998
4000
4002
4004
4008
4010
4012
4016
4022
4026
4026
4029
4030
4031
4034
4035
4036
4038
4041
4043
4043
4050
4052
4054
4055
4055
4056
4058
4058
4059
4060
4062
4063
4068
4070
4070
4071
4071
4074
4075
4076
4083
4088
4089
4091
4091
4098
4100
4100
4104
4106
4113
4114
4114
4115
4117
4117
4117
4119
4119
4122
4123
4130
4132
4133
4134
4135
4135
4136
4137
4137
4137
4138
4138
4146
4147
4150
4153
4158
4158
4158
4158
4159
4160
4161
4162
4172
4173
4178
4180
4183
4185
4185
4186
4188
4189
4190
4191
4191
4194
4194
4196
4200
4200
4200
4205
4208
4213
4216
4217
4220
4222
4222
4225
4225
4225
4228
4230
4231
4232
4233
4235
4236
4236
4238
4239
4241
4253
4254
4255
4256
4257
4259
4260
4261
4263
4265
4265
4267
4271
4275
4276
4278
4281
4283
4286
4286
4286
4287
4289
4290
4290
4292
4292
4292
4293
4294
4295
4297
4297
4300
4304
4305
4308
4311
4311
4312
4314
4321
4321
4323
4326
4327
4327
4328
4331
4335
4337
4344
4344
4344
4345
4345
4346
4347
4348
4350
4354
4355
4355
4359
4360
4365
4365
4367
4367
4367
4369
4369
4374
4375
4376
4376
4377
4377
4378
4380
4381
4384
4388
4388
4391
4394
4394
4397
4399
4399
4401
4401
4402
4404
4406
4408
4409
4410
4411
4411
4422
4423
4424
4425
4427
4430
4430
4432
4438
4439
4442
4442
4443
4445
4453
4454
4455
4460
4462
4464
4468
4468
4469
4469
4470
4470
4471
4473
4475
4476
4479
4480
4483
4484
4486
4488
4489
4491
4492
4494
4494
4495
4499
4500
4504
4506
4510
4510
4517
4518
4521
4522
4524
4530
4530
4531
4531
4536
4537
4537
4538
4545
4545
4545
4545
4546
4549
4552
4554
4555
4556
4556
4556
4559
4561
4561
4561
4563
4566
4566
4567
4568
4568
4572
4572
4575
4577
4578
4578
4579
4581
4584
4586
4588
4592
4596
4597
4600
4604
4607
4612
4613
4614
4616
4617
4618
4620
4624
4625
4625
4628
4628
4629
4633
4636
4636
4637
4643
4644
4645
4648
4650
4652
4653
4653
4658
4658
4660
4663
4665
4671
4672
4676
4676
4676
4677
4677
4678
4679
4683
4685
4686
4686
4687
4688
4689
4690
4692
4700
4700
4700
4711
4711
4712
4712
4714
4715
4718
4719
4720
4720
4722
4725
4726
4726
4729
4729
4730
4732
4732
4732
4734
4737
4739
4740
4741
4745
4747
4748
4751
4751
4754
4754
4756
4759
4763
4764
4764
4767
4767
4768
4770
4772
4773
4773
4773
4776
4777
4778
4780
4781
4782
4787
4788
4791
4792
4793
4795
4795
4795
4795
4796
4798
4800
4803
4808
4809
4810
4813
4814
4815
4817
4817
4819
4820
4826
4834
4840
4840
4842
4844
4847
4848
4848
4851
4853
4854
4857
4859
4860
4864
4867
4870
4872
4872
4877
4878
4881
4884
4886
4887
4887
4889
4891
4893
4901
4907
4913
4913
4913
4915
4915
4916
4919
4919
4919
4923
4923
4924
4925
4928
4928
4929
4929
4929
4930
4933
4933
4936
4937
4938
4944
4945
4945
4946
4954
4954
4955
4956
4956
4956
4959
4960
4961
4964
4964
4964
4965
4966
4967
4969
4971
4973
4973
4975
4975
4978
4979
4981
4983
4983
4990
4993
4994
4995
4997
4997
5001
5003
5004
5005
5005
5007
5009
5010
5011
5012
5014
5018
5020
5024
5025
5028
5028
5028
5028
5030
5030
5034
5034
5034
5036
5042
5049
5054
5056
5057
5058
5060
5064
5066
5067
5068
5070
5071
5077
5077
5077
5079
5079
5079
5080
5081
5086
5092
5093
5097
5100
5103
5104
5105
5106
5107
5107
5112
5113
5114
5115
5117
5119
5121
5122
5123
5124
5126
5127
5127
5128
5128
5130
5132
5134
5135
5136
5138
5140
5140
5141
5147
5147
5148
5148
5150
5151
5155
5157
5158
5159
5161
5163
5165
5165
5166
5167
5167
5168
5169
5170
5174
5175
5177
5177
5184
5184
5184
5185
5186
5186
5191
5191
5191
5192
5194
5198
5200
5200
5202
5205
5207
5209
5210
5210
5212
5212
5216
5217
5217
5217
5218
5221
5223
5225
5226
5227
5227
5229
5232
5233
5236
5236
5236
5238
5241
5243
5244
5245
5246
5247
5248
5249
5250
5250
5250
5252
5253
5254
5254
5254
5255
5256
5256
5256
5260
5262
5262
5266
5267
5274
5275
5276
5277
5277
5277
5277
5287
5289
5290
5296
5298
5300
5302
5302
5305
5306
5307
5308
5309
5311
5313
5317
5319
5321
5323
5325
5325
5326
5328
5328
5332
5333
5333
5335
5338
5339
5341
5341
5342
5352
5355
5355
5368
5368
5374
5378
5380
5380
5382
5388
5390
5390
5395
5397
5397
5398
5399
5402
5403
5404
5405
5407
5409
5412
5413
5413
5414
5416
5417
5418
5418
5418
5419
5422
5422
5422
5422
5423
5423
5427
5430
5434
5437
5437
5438
5440
5442
5444
5446
5446
5447
5448
5450
5450
5461
5463
5464
5465
5465
5471
5474
5475
5476
5476
5477
5478
5480
5480
5480
5481
5482
5482
5482
5492
5492
5495
5495
5496
5498
5500
5504
5505
5508
5509
5509
5511
5517
5518
5518
5519
5519
5520
5522
5522
5524
5526
5528
5528
5530
5532
5534
5535
5539
5539
5541
5545
5549
5550
5553
5554
5554
5560
5560
5563
5563
5564
5570
5571
5571
5573
5573
5574
5575
5576
5579
5585
5589
5590
5593
5595
5595
5597
5600
5603
5603
5605
5606
5607
5610
5612
5613
5616
5617
5622
5624
5624
5625
5625
5626
5628
5630
5630
5632
5632
5633
5634
5637
5638
5641
5642
5645
5647
5649
5651
5652
5653
5654
5655
5655
5656
5660
5663
5666
5668
5670
5670
5670
5671
5671
5673
5674
5674
5682
5683
5684
5685
5685
5692
5694
5694
5695
5697
5701
5701
5705
5705
5709
5709
5711
5712
5716
5717
5717
5719
5719
5722
5726
5727
5729
5742
5742
5747
5748
5750
5753
5757
5757
5758
5761
5763
5763
5769
5770
5772
5773
5773
5774
5777
5779
5780
5781
5783
5783
5783
5784
5788
5791
5792
5794
5797
5799
5801
5803
5806
5812
5813
5817
5819
5822
5823
5830
5836
5839
5839
5840
5840
5844
5851
5853
5856
5857
5865
5866
5867
5868
5872
5878
5878
5879
5880
5882
5887
5887
5887
5893
5893
5894
5897
5898
5902
5906
5907
5908
5909
5914
5917
5919
5920
5920
5920
5922
5922
5926
5927
5928
5928
5930
5931
5931
5931
5932
5934
5936
5936
5937
5937
5940
5940
5941
5943
5943
5948
5950
5953
5953
5955
5956
5957
5958
5959
5961
5961
5962
5962
5965
5965
5965
5971
5972
5973
5981
5982
5986
5987
5988
5989
5991
5991
5994
5998
6000
6000
6001
6001
6003
6004
6005
6007
6009
6012
6016
6017
6019
6024
6025
6026
6029
6031
6032
6033
6041
6043
6043
6044
6044
6051
6051
6052
6053
6060
6061
6062
6062
6062
6064
6066
6066
6066
6067
6068
6070
6073
6078
6080
6080
6082
6082
6083
6087
6089
6090
6095
6096
6098
6098
6101
6109
6110
6112
6113
6113
6115
6116
6118
6122
6123
6123
6124
6126
6128
6128
6132
6134
6136
6137
6137
6139
6139
6142
6145
6149
6149
6149
6149
6153
6154
6155
6158
6160
6162
6164
6166
6170
6170
6173
6174
6180
6185
6190
6192
6193
6193
6195
6197
6199
6199
6200
6202
6203
6203
6205
6207
6207
6209
6217
6219
6223
6224
6226
6227
6231
6236
6237
6238
6240
6240
6241
6241
6241
6243
6243
6245
6245
6246
6250
6252
6253
6255
6255
6260
6264
6265
6268
6271
6272
6273
6274
6275
6278
6279
6281
6282
6283
6284
6284
6287
6287
6290
6290
6292
6293
6295
6298
6299
6300
6300
6301
6304
6306
6306
6307
6308
6308
6309
6312
6313
6315
6316
6316
6319
6320
6321
6325
6329
6330
6333
6333
6333
6335
6339
6340
6341
6345
6345
6346
6349
6349
6352
6353
6353
6355
6357
6359
6363
6364
6366
6368
6368
6369
6370
6371
6371
6371
6388
6390
6392
6393
6393
6396
6397
6398
6399
6399
6399
6400
6403
6403
6405
6407
6410
6413
6413
6418
6418
6419
6420
6420
6424
6425
6427
6430
6436
6437
6437
6438
6440
6441
6446
6446
6447
6453
6454
6455
6455
6456
6457
6458
6459
6459
6463
6469
6472
6474
6474
6476
6478
6479
6482
6484
6484
6487
6488
6489
6489
6490
6497
6499
6501
6501
6504
6507
6508
6511
6515
6519
6519
6520
6521
6521
6521
6523
6529
6529
6530
6531
6532
6533
6534
6537
6538
6538
6539
6541
6543
6544
6545
6545
6546
6548
6551
6551
6552
6555
6555
6560
6561
6562
6564
6564
6566
6568
6569
6570
6570
6572
6572
6572
6579
6580
6582
6582
6584
6589
6590
6590
6593
6593
6598
6598
6598
6599
6600
6603
6605
6607
6611
6614
6616
6619
6619
6620
6620
6621
6621
6622
6622
6623
6625
6627
6627
6628
6629
6632
6633
6635
6639
6640
6640
6640
6641
6641
6642
6643
6647
6649
6650
6650
6652
6654
6654
6655
6655
6659
6660
6660
6662
6663
6664
6669
6672
6673
6674
6675
6680
6680
6681
6682
6682
6682
6686
6689
6689
6691
6692
6697
6697
6698
6698
6700
6700
6702
6704
6706
6708
6712
6713
6715
6715
6716
6718
6722
6723
6723
6724
6725
6728
6729
6729
6730
6736
6738
6738
6738
6739
6739
6740
6743
6751
6752
6756
6760
6761
6761
6762
6763
6768
6770
6771
6774
6775
6776
6778
6778
6783
6786
6786
6789
6790
6793
6796
6797
6799
6801
6802
6803
6807
6807
6808
6809
6810
6813
6814
6817
6817
6817
6821
6822
6823
6824
6825
6825
6831
6831
6835
6835
6837
6837
6839
6839
6847
6847
6853
6854
6859
6859
6859
6862
6864
6865
6866
6872
6873
6877
6877
6878
6879
6880
6882
6884
6886
6887
6889
6891
6893
6895
6895
6896
6897
6902
6903
6904
6910
6912
6913
6914
6915
6918
6919
6919
6920
6922
6924
6925
6927
6928
6930
6931
6936
6937
6937
6938
6943
6943
6944
6945
6948
6949
6950
6955
6955
6959
6963
6966
6971
6973
6977
6981
6983
6983
6984
6985
6989
6992
6992
6993
6994
6995
6996
6999
7001
7003
7006
7009
7012
7013
7017
7020
7020
7022
7023
7026
7027
7028
7029
7030
7033
7038
7039
7041
7043
7043
7045
7047
7048
7049
7050
7053
7053
7054
7057
7059
7059
7060
7060
7064
7066
7070
7071
7073
7074
7078
7078
7080
7083
7083
7087
7090
7098
7099
7101
7101
7101
7103
7104
7105
7106
7106
7107
7107
7111
7112
7114
7119
7120
7121
7121
7122
7123
7127
7129
7130
7134
7136
7138
7145
7146
7147
7150
7152
7155
7155
7158
7158
7160
7162
7165
7165
7166
7167
7169
7170
7171
7172
7175
7178
7180
7181
7183
7183
7188
7188
7188
7190
7190
7194
7194
7195
7195
7195
7196
7197
7200
7200
7201
7201
7202
7202
7203
7205
7209
7210
7212
7213
7214
7216
7217
7220
7221
7224
7224
7225
7225
7230
7230
7230
7231
7231
7233
7234
7238
7238
7240
7240
7241
7242
7243
7243
7246
7247
7248
7248
7250
7250
7251
7251
7251
7251
7251
7252
7255
7255
7259
7260
7260
7261
7261
7262
7262
7273
7279
7282
7282
7289
7290
7292
7292
7292
7293
7302
7303
7304
7304
7306
7310
7310
7312
7313
7313
7325
7329
7335
7336
7336
7337
7340
7340
7348
7349
7350
7357
7358
7360
7366
7367
7367
7367
7368
7369
7373
7376
7376
7381
7381
7381
7382
7382
7384
7384
7386
7388
7390
7391
7393
7393
7396
7396
7398
7400
7403
7410
7412
7413
7414
7414
7416
7416
7419
7420
7421
7422
7422
7423
7426
7429
7429
7431
7433
7435
7436
7438
7441
7442
7443
7444
7444
7444
7445
7446
7446
7446
7447
7448
7450
7450
7453
7454
7456
7456
7457
7461
7461
7462
7464
7465
7466
7466
7471
7471
7473
7475
7477
7478
7479
7483
7486
7489
7490
7491
7493
7495
7498
7499
7501
7506
7506
7506
7507
7514
7514
7515
7519
7522
7526
7528
7528
7529
7529
7530
7531
7535
7537
7539
7540
7540
7542
7542
7544
7545
7545
7547
7551
7560
7563
7563
7567
7567
7570
7571
7573
7573
7574
7581
7581
7585
7585
7586
7586
7590
7590
7591
7593
7596
7599
7600
7603
7604
7604
7605
7607
7609
7609
7610
7610
7612
7614
7615
7616
7616
7619
7624
7625
7625
7626
7627
7629
7632
7634
7635
7636
7637
7639
7640
7642
7642
7646
7647
7648
7649
7650
7651
7653
7653
7654
7654
7654
7657
7662
7665
7671
7674
7677
7679
7680
7681
7681
7684
7685
7693
7694
7696
7703
7703
7703
7703
7704
7705
7708
7708
7709
7711
7712
7712
7713
7713
7713
7715
7717
7719
7723
7728
7730
7732
7733
7733
7734
7735
7736
7738
7742
7743
7744
7746
7748
7749
7749
7752
7758
7766
7769
7774
7776
7776
7776
7778
7780
7780
7781
7781
7787
7788
7789
7789
7791
7791
7797
7797
7799
7799
7800
7802
7805
7807
7810
7810
7813
7813
7816
7816
7820
7824
7825
7826
7827
7828
7828
7834
7834
7835
7837
7837
7838
7839
7842
7849
7850
7856
7857
7858
7863
7865
7867
7868
7868
7869
7870
7870
7871
7872
7874
7874
7877
7878
7878
7879
7883
7883
7890
7890
7891
7893
7893
7893
7895
7896
7899
7900
7904
7906
7907
7908
7908
7913
7915
7917
7917
7919
7920
7921
7922
7924
7924
7925
7929
7930
7931
7931
7932
7932
7933
7933
7937
7941
7942
7944
7947
7947
7948
7957
7958
7958
7968
7969
7971
7971
7976
7980
7981
7982
7983
7983
7985
7985
7985
7986
7989
7991
7995
7996
7997
7997
7998
7998
7998
8000
8000
8002
8005
8008
8008
8015
8015
8021
8022
8023
8027
8030
8030
8032
8033
8036
8036
8045
8048
8053
8053
8057
8058
8062
8063
8063
8064
8065
8071
8073
8081
8083
8088
8088
8089
8095
8099
8103
8107
8110
8110
8114
8114
8115
8119
8120
8120
8121
8121
8127
8127
8128
8129
8130
8135
8135
8137
8138
8139
8140
8142
8143
8144
8145
8146
8147
8149
8151
8151
8152
8153
8156
8156
8158
8159
8159
8160
8161
8163
8165
8165
8165
8165
8166
8167
8167
8173
8174
8176
8178
8178
8178
8182
8183
8186
8186
8188
8191
8195
8195
8199
8200
8202
8206
8207
8208
8211
8213
8217
8218
8218
8222
8222
8224
8226
8227
8227
8228
8228
8229
8233
8237
8238
8241
8247
8249
8250
8251
8253
8254
8254
8254
8255
8255
8259
8263
8264
8265
8266
8266
8267
8267
8275
8282
8283
8290
8291
8291
8292
8292
8293
8295
8296
8297
8302
8306
8306
8310
8321
8326
8329
8330
8334
8338
8340
8342
8346
8349
8350
8355
8356
8357
8357
8359
8365
8366
8367
8371
8371
8373
8374
8379
8380
8381
8382
8383
8384
8386
8388
8388
8388
8390
8391
8392
8392
8394
8394
8395
8396
8397
8398
8398
8398
8401
8401
8401
8403
8405
8406
8414
8415
8418
8419
8422
8423
8423
8425
8427
8429
8429
8430
8434
8435
8436
8437
8438
8442
8444
8447
8447
8449
8450
8456
8457
8460
8462
8463
8464
8465
8473
8476
8479
8479
8479
8480
8483
8489
8489
8489
8490
8490
8497
8498
8498
8500
8505
8506
8511
8512
8512
8512
8516
8516
8516
8520
8520
8522
8523
8523
8525
8528
8530
8532
8532
8533
8534
8535
8535
8537
8537
8542
8543
8545
8545
8547
8547
8547
8548
8548
8549
8550
8550
8553
8564
8565
8568
8570
8572
8572
8575
8575
8576
8576
8580
8581
8581
8581
8582
8585
8586
8591
8592
8598
8601
8601
8605
8609
8609
8615
8621
8621
8631
8632
8632
8635
8640
8640
8643
8646
8648
8652
8653
8655
8656
8656
8656
8656
8659
8660
8662
8666
8667
8668
8670
8670
8671
8677
8677
8679
8681
8682
8683
8684
8685
8685
8687
8690
8690
8690
8695
8695
8696
8698
8699
8699
8700
8702
8703
8704
8705
8706
8709
8709
8712
8712
8718
8718
8721
8723
8732
8736
8737
8739
8744
8747
8748
8749
8749
8753
8754
8755
8759
8760
8760
8761
8762
8763
8764
8767
8768
8774
8783
8784
8785
8786
8790
8792
8792
8793
8798
8798
8799
8799
8800
8803
8806
8806
8807
8810
8813
8814
8816
8818
8820
8821
8824
8826
8828
8828
8829
8829
8830
8831
8831
8836
8839
8841
8846
8848
8848
8853
8853
8854
8854
8858
8861
8862
8863
8865
8865
8865
8876
8876
8877
8878
8878
8880
8882
8883
8887
8889
8890
8891
8893
8897
8900
8902
8904
8905
8908
8909
8910
8913
8913
8917
8920
8924
8930
8931
8934
8935
8936
8938
8938
8939
8941
8942
8946
8948
8953
8953
8953
8954
8954
8955
8960
8963
8964
8966
8967
8967
8970
8970
8970
8971
8976
8976
8983
8984
8984
8985
8985
8986
8988
8989
8990
8990
8996
8997
8997
8999
9001
9003
9004
9004
9005
9005
9005
9006
9008
9011
9011
9011
9012
9012
9013
9015
9015
9016
9016
9016
9019
9022
9023
9024
9029
9030
9031
9032
9032
9033
9036
9037
9037
9038
9040
9040
9041
9041
9041
9041
9044
9045
9046
9056
9056
9056
9057
9058
9060
9062
9066
9069
9085
9086
9087
9089
9091
9094
9097
9101
9102
9107
9107
9107
9108
9111
9114
9116
9117
9118
9119
9123
9130
9132
9132
9132
9133
9134
9137
9137
9138
9143
9143
9147
9151
9152
9152
9152
9156
9159
9161
9169
9169
9172
9173
9175
9176
9177
9178
9184
9185
9190
9191
9193
9194
9196
9196
9197
9202
9205
9206
9207
9213
9215
9215
9216
9217
9219
9222
9222
9224
9224
9224
9226
9236
9240
9240
9243
9243
9243
9245
9249
9253
9254
9254
9256
9261
9263
9263
9265
9266
9266
9268
9271
9272
9272
9272
9274
9277
9279
9280
9286
9287
9288
9294
9295
9295
9298
9302
9302
9304
9309
9311
9313
9313
9314
9315
9315
9316
9316
9317
9319
9320
9321
9329
9329
9330
9333
9334
9336
9336
9338
9341
9342
9343
9344
9345
9347
9347
9348
9348
9348
9350
9353
9354
9357
9357
9360
9361
9363
9365
9366
9372
9375
9375
9379
9383
9384
9384
9386
9390
9391
9391
9392
9393
9394
9394
9394
9396
9396
9398
9399
9401
9402
9403
9403
9407
9407
9408
9408
9409
9409
9411
9412
9413
9414
9414
9414
9415
9417
9421
9423
9425
9431
9431
9434
9436
9437
9438
9438
9441
9443
9446
9452
9452
9453
9456
9457
9458
9463
9465
9465
9467
9469
9469
9469
9469
9471
9474
9474
9475
9475
9476
9480
9480
9485
9489
9490
9495
9495
9496
9496
9496
9497
9499
9499
9503
9503
9504
9508
9514
9517
9519
9523
9525
9528
9530
9530
9530
9531
9541
9543
9543
9545
9554
9557
9559
9559
9566
9567
9570
9570
9574
9575
9578
9578
9579
9580
9584
9584
9584
9587
9588
9590
9591
9593
9599
9600
9600
9600
9604
9608
9608
9609
9611
9612
9613
9614
9616
9618
9619
9620
9622
9623
9626
9626
9627
9630
9631
9634
9635
9636
9636
9637
9638
9639
9639
9642
9643
9644
9644
9647
9648
9650
9652
9653
9655
9655
9659
9660
9660
9661
9662
9664
9664
9664
9665
9667
9667
9673
9673
9677
9678
9679
9679
9680
9681
9683
9687
9694
9697
9698
9699
9700
9700
9701
9701
9701
9701
9702
9703
9704
9705
9711
9713
9714
9715
9717
9719
9720
9721
9725
9727
9731
9733
9734
9738
9746
9747
9748
9749
9750
9751
9752
9752
9754
9757
9759
9761
9761
9762
9765
9767
9767
9769
9772
9775
9776
9776
9779
9781
9782
9783
9783
9786
9798
9798
9799
9803
9803
9804
9805
9806
9814
9822
9823
9824
9832
9833
9834
9834
9837
9838
9839
9840
9842
9842
9843
9843
9844
9844
9846
9846
9847
9849
9850
9850
9850
9852
9854
9859
9861
9862
9863
9864
9865
9869
9870
9871
9873
9875
9877
9879
9879
9883
9883
9884
9888
9888
9889
9889
9891
9892
9895
9896
9897
9897
9897
9901
9901
9904
9906
9907
9909
9912
9913
9919
9921
9923
9924
9924
9924
9924
9926
9933
9936
9937
9938
9938
9946
9946
9946
9948
9951
9955
9958
9962
9969
9971
9971
9973
9973
9975
9975
9975
9977
9978
9979
9980
9981
9983
9984
9984
9985
9988
9989
9991
9992
9998
9998
9999
