4210
5956
6590
1725
5492
8134
9892
9901
5123
6716
9347
4265
7931
7583
1619
1853
6115
7557
7448
8302
8361
7851
8175
6125
6890
3701
7333
1694
5750
3344
6458
8961
8301
3048
9687
3793
1182
9579
3695
5305
6296
3043
8571
4227
9626
9191
5081
5741
6748
2530
4043
5109
9381
2219
1235
6271
4920
7569
6966
9671
9913
3424
8632
8215
5472
8320
2008
5655
7900
4704
9960
4196
6747
8532
7424
6374
7723
2505
2115
4472
4035
5159
8582
3416
6379
8818
8688
1299
6387
5654
9971
6301
8078
8604
4516
3551
6924
5525
8206
4824
9229
8167
8021
5977
6699
5445
2351
4423
6950
3467
7896
9986
7627
6478
3403
4006
5297
2091
4305
1684
6745
4277
6986
4824
2881
1502
7375
8805
6028
5581
3630
5258
3748
1651
1235
9448
6096
2587
3872
3047
5055
1768
3034
2682
7247
5437
5688
2544
6528
8993
3229
3274
3270
9215
7099
5152
9717
4474
3958
5746
9056
6589
1004
2805
7240
1239
2253
3337
2827
5126
5385
6882
5894
7419
8564
3142
2857
4252
4686
8385
3246
6915
1660
5517
6131
7759
9669
5848
2234
3628
1595
1291
9217
1599
3096
6458
1839
4350
8795
3666
8476
4181
9548
4371
1600
8113
6513
3457
2365
1200
1843
4611
7115
2504
9128
3246
9264
8798
8095
1498
2426
8691
1789
1644
9290
3886
7102
1129
7236
5897
3795
5713
9078
3344
9084
9679
1457
5598
3137
2823
5798
3980
6435
2914
5485
5564
5161
4749
4362
3257
5247
5789
1948
6037
6434
1238
8923
3536
1367
6160
8434
4163
1873
7513
6508
9958
7192
6966
5556
9329
8790
1354
3310
5225
3268
7795
9789
7429
2545
4152
9686
6793
8942
1635
2830
5376
1873
1754
7912
2241
6914
6346
5405
7788
3859
1914
7746
1052
7880
3303
9382
6670
3657
2693
1896
5926
9489
1685
3356
2034
4838
3043
7827
3780
3678
9658
8157
4552
1412
6070
5793
7327
2416
1199
5115
5276
2113
2862
5329
8994
5166
4711
5664
7824
6405
6560
3750
5894
7246
6107
6929
2084
8151
4756
4865
1829
4414
3022
5382
4827
8092
1176
2154
9509
1375
6270
4786
2488
8133
9115
1482
3299
3827
6147
1123
9233
2708
3874
5127
8954
8981
2057
1039
7132
5813
4904
7962
9228
6927
3345
4055
5020
3521
5210
4530
3896
1481
8316
5385
8614
7432
5868
1913
1260
2016
2037
9493
3724
4911
4621
2679
3893
5678
2719
1026
1492
6624
7989
9721
3551
1334
3777
7572
3856
7987
2102
6752
8468
9418
2138
7083
6851
7007
7997
7111
8023
9034
6605
1748
3946
1227
3428
6839
5906
5147
6866
6398
1771
4856
6119
4323
5190
8896
1895
8046
6884
2997
4799
5353
2416
5938
2436
8268
2945
9433
5379
9968
8468
1985
1717
2414
2212
4145
8254
7118
8292
5121
3517
9064
8977
8637
3387
4168
7534
4283
2214
4418
6281
6014
8772
7698
1952
1208
5966
3898
9642
1346
3867
8110
2331
4584
9525
3544
7729
7779
9663
6021
2901
3181
5086
1878
1818
7473
5046
8353
1756
6261
2771
7038
2276
1544
4736
3228
1752
9702
6127
1395
1048
8994
8506
2380
3578
8031
4925
1307
5811
4588
6329
7712
6769
1415
8591
7588
7889
3637
5941
8646
8899
7713
5684
1175
8257
9421
3404
9010
9123
8531
9405
9172
7525
7912
1553
1104
5943
5478
1412
1755
9066
6741
8468
5836
7157
7059
3424
5047
9697
8366
3693
8596
6079
8378
8771
4337
7799
2175
3347
6923
9707
2753
6096
7232
9665
6649
7336
5609
2128
7749
6365
1195
4490
4833
6031
1648
1892
8456
5696
1589
6823
8389
9186
2902
6768
7957
6239
4568
9133
8587
1492
8840
1341
6588
6073
1006
3238
3410
5616
4367
1159
1982
4562
4650
5815
9594
5299
6708
8050
9995
7298
4873
8385
6484
6776
5153
4442
3016
8721
3575
1604
9214
2416
1945
5802
7490
1952
8041
9900
6568
2408
1060
7550
5970
4710
3366
5565
9009
9075
3615
9004
6373
7489
7390
2858
4266
2543
6301
6283
1265
8877
6887
9479
1293
7832
5282
7783
8784
3324
7684
5353
4733
7744
2904
9704
2454
5271
5269
1464
4346
7885
9469
9720
5374
6859
2578
8641
8403
7879
4924
8668
6757
1812
8148
7050
8644
3431
4834
7429
5755
2518
2783
9488
9262
4687
9193
1717
8959
4462
2181
3305
2347
1650
3025
6722
7510
4604
5363
5913
2484
9288
4581
8241
1100
2730
5292
8745
5161
9126
6175
9916
1644
7958
9405
9907
2646
8598
1624
1605
3060
2805
3911
4408
3456
5936
1130
9966
9541
5494
5879
2026
4782
9461
9268
4883
2191
4560
3628
6352
3687
8803
6269
4331
6762
5675
4239
8408
4273
4863
9014
6334
6669
2925
9742
9125
7861
9873
9092
7403
5367
4971
8430
9150
4432
7698
4033
5624
2258
6662
1976
4945
5466
7246
8277
2228
2921
2517
9636
6195
6380
8650
2529
3050
1576
2272
2175
8438
2146
1267
5841
6513
5239
4271
5663
8671
1969
8697
4295
3228
5359
5272
7174
9825
2518
5452
2053
4440
6969
1690
9635
3349
9341
2164
5400
9917
3437
6575
8355
4583
6843
4197
1097
2082
7469
5760
9754
8439
4458
4050
1667
8817
8323
7842
8642
9842
3294
9696
4282
9263
1387
3917
2613
9729
5082
7013
9647
7520
3589
8003
2103
9432
2200
2201
1515
8670
6962
1270
7109
1420
4320
7776
9237
2644
5619
7880
2486
7913
7577
5768
7177
7965
8686
8790
7694
3768
5804
7342
1288
8393
5345
2392
7826
6546
3594
8342
5216
9556
8612
2325
9976
2933
9102
9214
4577
4721
7095
6064
2634
4673
1832
8811
2638
9519
7602
9332
3287
3407
6674
3576
1800
2020
4969
8627
7566
7563
6969
2782
7120
5582
4108
7097
7515
3210
6312
2093
6931
3407
7157
8566
7080
7990
7378
8718
7509
4981
8051
9797
7388
4726
3374
8189
5746
7344
6816
3313
4907
3786
5096
2028
8369
8204
8125
5885
1414
4437
6978
7346
6845
4136
5913
3926
2127
3292
2645
8637
7273
9697
8435
4661
4423
1809
2851
9170
