1001
1003
1006
1009
1009
1009
1011
1013
1015
1016
1018
1018
1022
1024
1024
1025
1025
1028
1030
1030
1031
1031
1035
1037
1039
1042
1043
1046
1048
1052
1054
1056
1058
1059
1059
1060
1062
1064
1068
1070
1070
1071
1071
1071
1073
1076
1076
1082
1085
1087
1096
1096
1098
1100
1100
1102
1102
1106
1112
1115
1116
1117
1119
1121
1121
1121
1127
1128
1128
1130
1130
1131
1141
1148
1150
1150
1152
1154
1158
1158
1159
1163
1167
1168
1173
1175
1175
1177
1181
1184
1186
1187
1187
1190
1193
1196
1198
1199
1201
1201
1202
1202
1203
1204
1206
1207
1207
1213
1214
1215
1216
1216
1219
1219
1220
1220
1224
1225
1228
1229
1230
1230
1231
1232
1235
1238
1238
1240
1243
1244
1244
1244
1246
1246
1247
1247
1249
1250
1250
1250
1256
1257
1259
1262
1263
1263
1264
1266
1267
1268
1270
1273
1277
1280
1282
1283
1284
1285
1287
1290
1290
1293
1296
1298
1302
1303
1304
1305
1308
1309
1310
1312
1313
1313
1315
1318
1320
1322
1323
1324
1324
1326
1327
1330
1333
1338
1340
1341
1346
1347
1352
1353
1354
1355
1355
1357
1361
1363
1365
1369
1371
1372
1372
1374
1375
1378
1378
1379
1380
1386
1388
1393
1393
1394
1395
1396
1397
1398
1398
1400
1401
1405
1406
1407
1408
1413
1421
1424
1426
1429
1432
1433
1435
1437
1440
1446
1447
1447
1448
1451
1453
1458
1461
1463
1467
1467
1468
1472
1473
1474
1477
1478
1480
1480
1482
1482
1489
1492
1493
1493
1493
1493
1494
1494
1497
1497
1499
1503
1504
1504
1510
1512
1513
1516
1516
1516
1517
1523
1524
1524
1525
1525
1528
1528
1531
1532
1536
1539
1547
1550
1551
1554
1554
1555
1556
1557
1559
1560
1564
1565
1566
1568
1569
1579
1581
1581
1587
1588
1588
1591
1593
1595
1596
1598
1599
1599
1600
1604
1605
1605
1605
1605
1607
1607
1609
1612
1614
1614
1614
1615
1615
1615
1615
1617
1619
1620
1620
1622
1623
1623
1630
1632
1634
1638
1639
1640
1641
1641
1644
1645
1647
1652
1654
1654
1655
1657
1657
1657
1663
1663
1667
1670
1670
1672
1673
1674
1674
1676
1680
1686
1690
1693
1693
1697
1703
1704
1707
1711
1712
1713
1715
1715
1715
1717
1719
1728
1728
1730
1731
1732
1733
1735
1736
1736
1737
1739
1739
1739
1739
1741
1742
1743
1751
1754
1757
1758
1758
1759
1759
1761
1761
1767
1767
1768
1769
1770
1774
1776
1776
1788
1788
1791
1793
1793
1795
1797
1801
1802
1806
1807
1808
1808
1808
1812
1812
1813
1814
1814
1821
1825
1827
1828
1829
1834
1834
1835
1835
1837
1837
1837
1841
1846
1848
1850
1851
1851
1851
1852
1854
1857
1859
1861
1864
1864
1864
1864
1868
1869
1876
1878
1881
1883
1885
1888
1892
1898
1899
1899
1901
1904
1905
1905
1906
1907
1911
1912
1916
1917
1919
1920
1920
1921
1933
1935
1935
1937
1940
1941
1941
1941
1942
1947
1947
1949
1952
1953
1956
1959
1960
1961
1961
1964
1964
1966
1966
1967
1969
1970
1973
1973
1974
1974
1974
1976
1979
1979
1979
1983
1985
1990
1994
1995
1996
2000
2000
2005
2005
2006
2011
2014
2017
2018
2018
2022
2028
2029
2031
2031
2036
2038
2039
2041
2042
2044
2046
2047
2050
2051
2055
2055
2056
2063
2066
2068
2076
2078
2081
2082
2085
2087
2087
2094
2096
2098
2105
2106
2106
2109
2111
2113
2115
2118
2119
2119
2120
2123
2124
2125
2125
2125
2128
2129
2131
2131
2132
2132
2134
2140
2140
2142
2142
2142
2144
2146
2149
2154
2156
2159
2160
2162
2164
2164
2164
2166
2167
2168
2169
2169
2173
2175
2175
2181
2182
2184
2184
2186
2187
2188
2195
2195
2195
2198
2203
2203
2204
2204
2205
2208
2212
2213
2213
2215
2218
2219
2220
2229
2233
2234
2236
2239
2240
2241
2242
2243
2243
2246
2246
2248
2250
2253
2253
2254
2258
2260
2260
2262
2263
2264
2265
2271
2274
2278
2282
2285
2287
2288
2291
2291
2294
2294
2296
2296
2296
2296
2297
2298
2299
2299
2300
2301
2303
2304
2308
2309
2309
2311
2312
2312
2313
2321
2321
2321
2322
2323
2323
2324
2325
2325
2326
2330
2334
2338
2341
2344
2345
2347
2348
2349
2352
2353
2360
2360
2362
2364
2367
2367
2374
2374
2376
2377
2380
2381
2381
2381
2383
2390
2393
2394
2398
2399
2401
2406
2407
2410
2410
2411
2413
2417
2417
2418
2420
2421
2423
2425
2431
2432
2432
2433
2433
2441
2441
2442
2443
2445
2445
2447
2448
2449
2450
2451
2453
2454
2455
2462
2462
2462
2464
2465
2468
2469
2469
2469
2470
2470
2472
2476
2478
2481
2483
2484
2484
2486
2486
2487
2488
2489
2490
2496
2497
2499
2501
2511
2516
2518
2521
2523
2523
2525
2525
2527
2527
2528
2528
2530
2531
2535
2535
2537
2537
2541
2545
2547
2548
2548
2549
2552
2556
2557
2560
2561
2561
2562
2565
2572
2574
2576
2576
2579
2580
2585
2587
2588
2591
2594
2598
2598
2598
2598
2599
2601
2601
2601
2602
2605
2607
2608
2610
2612
2614
2615
2617
2618
2620
2621
2621
2621
2627
2627
2629
2630
2633
2635
2638
2638
2640
2640
2644
2646
2648
2656
2658
2660
2663
2663
2664
2666
2666
2667
2669
2671
2672
2673
2675
2680
2681
2685
2686
2690
2690
2692
2693
2694
2694
2695
2695
2696
2698
2699
2700
2701
2704
2704
2705
2706
2708
2710
2717
2718
2721
2722
2722
2724
2724
2727
2728
2729
2730
2734
2735
2736
2738
2741
2741
2743
2745
2750
2754
2757
2759
2759
2761
2761
2765
2765
2766
2766
2767
2768
2769
2769
2770
2771
2771
2771
2773
2775
2776
2781
2783
2785
2785
2785
2785
2787
2788
2789
2792
2793
2793
2795
2795
2796
2798
2805
2806
2809
2811
2814
2819
2819
2822
2822
2822
2823
2825
2830
2832
2833
2833
2834
2835
2838
2839
2839
2843
2847
2852
2852
2855
2855
2855
2857
2858
2858
2859
2859
2860
2861
2862
2862
2864
2866
2868
2870
2872
2873
2873
2875
2876
2879
2881
2884
2886
2895
2897
2897
2897
2898
2898
2899
2901
2902
2902
2904
2905
2905
2907
2908
2913
2913
2914
2918
2921
2921
2921
2922
2923
2924
2930
2933
2933
2934
2937
2937
2939
2941
2942
2942
2946
2946
2950
2953
2961
2962
2963
2966
2966
2968
2969
2970
2971
2972
2973
2974
2974
2975
2976
2979
2980
2980
2981
2982
2989
2991
2991
2992
2992
2994
2996
3000
3000
3005
3006
3006
3008
3009
3011
3011
3013
3014
3014
3015
3016
3021
3023
3028
3029
3031
3032
3035
3036
3036
3036
3037
3038
3040
3042
3042
3042
3044
3044
3048
3050
3052
3053
3057
3058
3059
3060
3062
3063
3065
3065
3067
3067
3068
3069
3073
3074
3075
3075
3076
3077
3078
3078
3079
3080
3082
3088
3091
3092
3092
3092
3099
3099
3100
3101
3102
3103
3104
3105
3107
3107
3108
3108
3112
3112
3113
3113
3115
3117
3119
3119
3119
3122
3126
3127
3128
3128
3128
3136
3138
3138
3141
3143
3150
3154
3158
3159
3161
3162
3162
3163
3168
3170
3172
3178
3178
3180
3180
3185
3185
3186
3186
3189
3190
3190
3198
3199
3203
3212
3214
3214
3214
3215
3216
3218
3221
3222
3222
3222
3225
3225
3226
3228
3231
3238
3239
3243
3248
3249
3253
3258
3259
3259
3263
3263
3265
3266
3267
3267
3268
3269
3270
3273
3273
3274
3282
3285
3285
3286
3289
3290
3290
3294
3296
3296
3299
3303
3305
3305
3309
3309
3311
3311
3311
3312
3313
3315
3318
3319
3322
3322
3322
3325
3325
3325
3329
3330
3331
3333
3333
3334
3334
3337
3341
3341
3342
3344
3344
3345
3346
3348
3348
3352
3353
3358
3359
3361
3362
3362
3363
3365
3367
3368
3369
3370
3378
3379
3380
3381
3385
3386
3387
3392
3394
3394
3395
3395
3396
3397
3399
3404
3409
3410
3413
3413
3415
3417
3419
3421
3424
3424
3425
3426
3427
3428
3431
3431
3431
3432
3432
3433
3434
3438
3438
3439
3447
3447
3448
3450
3457
3461
3462
3462
3462
3462
3463
3465
3465
3465
3467
3470
3471
3472
3475
3478
3478
3480
3482
3483
3486
3488
3489
3489
3490
3490
3491
3493
3494
3495
3495
3497
3503
3503
3503
3505
3505
3509
3512
3512
3514
3514
3515
3516
3519
3520
3524
3526
3526
3527
3529
3532
3532
3533
3541
3543
3546
3546
3547
3549
3550
3551
3551
3552
3555
3555
3556
3560
3568
3569
3570
3573
3573
3574
3576
3578
3580
3580
3585
3589
3590
3593
3593
3593
3595
3595
3597
3601
3604
3609
3609
3610
3610
3613
3614
3615
3616
3620
3620
3621
3622
3624
3625
3626
3629
3629
3630
3630
3631
3632
3632
3632
3635
3637
3641
3642
3646
3648
3648
3649
3651
3656
3657
3657
3659
3665
3665
3667
3667
3668
3669
3669
3670
3673
3675
3676
3677
3680
3680
3681
3681
3682
3682
3684
3687
3689
3690
3692
3692
3695
3695
3696
3696
3699
3699
3700
3702
3704
3706
3710
3711
3712
3717
3719
3720
3720
3721
3722
3723
3726
3726
3728
3733
3733
3735
3736
3736
3737
3737
3738
3738
3738
3739
3740
3745
3745
3746
3747
3747
3750
3755
3755
3757
3761
3762
3763
3763
3765
3766
3768
3768
3769
3770
3776
3776
3777
3777
3777
3777
3778
3782
3784
3791
3793
3796
3796
3798
3801
3802
3803
3803
3805
3809
3810
3810
3810
3811
3811
3812
3814
3818
3818
3821
3822
3824
3825
3827
3830
3830
3831
3831
3832
3835
3838
3839
3840
3840
3841
3841
3844
3844
3845
3845
3846
3849
3850
3850
3850
3860
3861
3862
3862
3866
3866
3867
3868
3868
3869
3870
3872
3872
3878
3879
3882
3883
3883
3883
3884
3886
3887
3889
3897
3900
3901
3902
3902
3906
3907
3913
3913
3913
3917
3920
3922
3924
3926
3927
3928
3929
3930
3931
3931
3938
3938
3938
3943
3946
3947
3950
3952
3954
3955
3962
3966
3967
3972
3976
3980
3982
3983
3985
3991
3991
3992
3992
3993
3994
3995
3998
4000
4002
4004
4008
4010
4012
4016
4022
4026
4026
4029
4030
4031
4034
4035
4036
4038
4041
4043
4043
4050
4052
4054
4055
4055
4056
4058
4058
4059
4060
4062
4063
4068
4070
4070
4071
4071
4074
4075
4076
4083
4088
4089
4091
4091
4098
4100
4100
4104
4106
4113
4114
4114
4115
4117
4117
4117
4119
4119
4122
4123
4130
4132
4133
4134
4135
4135
4136
4137
4137
4137
4138
4138
4146
4147
4150
4153
4158
4158
4158
4158
4159
4160
4161
4162
4172
4173
4178
4180
4183
4185
4185
4186
4188
4189
4190
4191
4191
4194
4194
4196
4200
4200
4200
4205
4208
4213
4216
4217
4220
4222
4222
4225
4225
4225
4228
4230
4231
4232
4233
4235
4236
4236
4238
4239
4241
4253
4254
4255
4256
4257
4259
4260
4261
4263
4265
4265
4267
4271
4275
4276
4278
4281
4283
4286
4286
4286
4287
4289
4290
4290
4292
4292
4292
4293
4294
4295
4297
4297
4300
4304
4305
4308
4311
4311
4312
4314
4321
4321
4323
4326
4327
4327
4328
4331
4335
4337
4344
4344
4344
4345
4345
4346
4347
4348
4350
4354
4355
4355
4359
4360
4365
4365
4367
4367
4367
4369
4369
4374
4375
4376
4376
4377
4377
4378
4380
4381
4384
4388
4388
4391
4394
4394
4397
4399
4399
4401
4401
4402
4404
4406
4408
4409
4410
4411
4411
4422
4423
4424
4425
4427
4430
4430
4432
4438
4439
4442
4442
4443
4445
4453
4454
4455
4460
4462
4464
4468
4468
4469
4469
4470
4470
4471
4473
4475
4476
4479
4480
4483
4484
4486
4488
4489
4491
4492
4494
4494
4495
4499
4500
4504
4506
4510
4510
4517
4518
4521
4522
4524
4530
4530
4531
4531
4536
4537
4537
4538
4545
4545
4545
4545
4546
4549
4552
4554
4555
4556
4556
4556
4559
4561
4561
4561
4563
4566
4566
4567
4568
4568
4572
4572
4575
4577
4578
4578
4579
4581
4584
4586
4588
4592
4596
4597
4600
4604
4607
4612
4613
4614
4616
4617
4618
4620
4624
4625
4625
4628
4628
4629
4633
4636
4636
4637
4643
4644
4645
4648
4650
4652
4653
4653
4658
4658
4660
4663
4665
4671
4672
4676
4676
4676
4677
4677
4678
4679
4683
4685
4686
4686
4687
4688
4689
4690
4692
4700
4700
4700
4711
4711
4712
4712
4714
4715
4718
4719
4720
4720
4722
4725
4726
4726
4729
4729
4730
4732
4732
4732
4734
4737
4739
4740
4741
4745
4747
4748
4751
4751
4754
4754
4756
4759
4763
4764
4764
4767
4767
4768
4770
4772
4773
4773
4773
4776
4777
4778
4780
4781
4782
4787
4788
4791
4792
4793
4795
4795
4795
4795
4796
4798
4800
4803
4808
4809
4810
4813
4814
4815
4817
4817
4819
4820
4826
4834
4840
4840
4842
4844
4847
4848
4848
4851
4853
4854
4857
4859
4860
4864
4867
4870
4872
4872
4877
4878
4881
4884
4886
4887
4887
4889
4891
4893
4901
4907
4913
4913
4913
4915
4915
4916
4919
4919
4919
4923
4923
4924
4925
4928
4928
4929
4929
4929
4930
4933
4933
4936
4937
4938
4944
4945
4945
4946
4954
4954
4955
4956
4956
4956
4959
4960
4961
4964
4964
4964
4965
4966
4967
4969
4971
4973
4973
4975
4975
4978
4979
4981
4983
4983
4990
4993
4994
4995
4997
4997
5001
5003
5004
5005
5005
5007
5009
5010
5011
5012
5014
5018
5020
5024
5025
5028
5028
5028
5028
5030
5030
5034
5034
5034
5036
5042
5049
5054
5056
5057
5058
5060
5064
5066
5067
5068
5070
5071
5077
5077
5077
5079
5079
5079
5080
5081
5086
5092
5093
5097
5100
5103
5104
5105
5106
5107
5107
5112
5113
5114
5115
5117
5119
5121
5122
5123
5124
5126
5127
5127
5128
5128
5130
5132
5134
5135
5136
5138
5140
5140
5141
5147
5147
5148
5148
5150
5151
5155
5157
5158
5159
5161
5163
5165
5165
5166
5167
5167
5168
5169
5170
5174
5175
5177
5177
5184
5184
5184
5185
5186
5186
5191
5191
5191
5192
5194
5198
5200
5200
5202
5205
5207
5209
5210
5210
5212
5212
5216
5217
5217
5217
5218
5221
5223
5225
5226
5227
5227
5229
5232
5233
5236
5236
5236
5238
5241
5243
5244
5245
5246
5247
5248
5249
5250
5250
5250
5252
5253
5254
5254
5254
5255
5256
5256
5256
5260
5262
5262
5266
5267
5274
5275
5276
5277
5277
5277
5277
5287
5289
5290
5296
5298
5300
5302
5302
5305
5306
5307
5308
5309
5311
5313
5317
5319
5321
5323
5325
5325
5326
5328
5328
5332
5333
5333
5335
5338
5339
5341
5341
5342
5352
5355
5355
5368
5368
5374
5378
5380
5380
5382
5388
5390
5390
5395
5397
5397
5398
5399
5402
5403
5404
5405
5407
5409
5412
5413
5413
5414
5416
5417
5418
5418
5418
5419
5422
5422
5422
5422
5423
5423
5427
5430
5434
5437
5437
5438
5440
5442
5444
5446
5446
5447
5448
5450
5450
5461
5463
5464
5465
5465
5471
5474
5475
5476
5476
5477
5478
5480
5480
5480
5481
5482
5482
5482
5492
5492
5495
5495
5496
5498
5500
5504
5505
5508
5509
5509
5511
5517
5518
5518
5519
5519
5520
5522
5522
5524
5526
5528
5528
5530
5532
5534
5535
5539
5539
5541
5545
5549
5550
5553
5554
5554
5560
5560
5563
5563
5564
5570
5571
5571
5573
5573
5574
5575
5576
5579
5585
5589
5590
5593
5595
5595
5597
5600
5603
5603
5605
5606
5607
5610
5612
5613
5616
5617
5622
5624
5624
5625
5625
5626
5628
5630
5630
5632
5632
5633
5634
5637
5638
5641
5642
5645
5647
5649
5651
5652
5653
5654
5655
5655
5656
5660
5663
5666
5668
5670
5670
5670
5671
5671
5673
5674
5674
5682
5683
5684
5685
5685
5692
5694
5694
5695
5697
5701
5701
5705
5705
5709
5709
5711
5712
5716
5717
5717
5719
5719
5722
5726
5727
5729
5742
5742
5747
5748
5750
5753
5757
5757
5758
5761
5763
5763
5769
5770
5772
5773
5773
5774
5777
5779
5780
5781
5783
5783
5783
5784
5788
5791
5792
5794
5797
5799
5801
5803
5806
5812
5813
5817
5819
5822
5823
5830
5836
5839
5839
5840
5840
5844
5851
5853
5856
5857
5865
5866
5867
5868
5872
5878
5878
5879
5880
5882
5887
5887
5887
5893
5893
5894
5897
5898
5902
5906
5907
5908
5909
5914
5917
5919
5920
5920
5920
5922
5922
5926
5927
5928
5928
5930
5931
5931
5931
5932
5934
